[gd_scene load_steps=7 format=2]

[ext_resource path="res://scripts/slot_generate.gd" type="Script" id=1]


[sub_resource type="SphereShape" id=1]
radius = 0.6

[sub_resource type="BoxShape" id=2]
extents = Vector3( 0.3, 1, 0.668833 )

[sub_resource type="CubeMesh" id=3]
size = Vector3( 0.6, 2, 1.338 )

[sub_resource type="CylinderMesh" id=4]
top_radius = 0.6
bottom_radius = 1.3
radial_segments = 6

[sub_resource type="SphereMesh" id=5]

[node name="slot" type="RigidBody"]
transform = Transform( 0.2, 0, 0, 0, 0.2, 0, 0, 0, 0.2, 0, 0, 0 )
mode = 1
script = ExtResource( 1 )

[node name="sphere" type="CollisionShape" parent="."]
transform = Transform( 1, 0, 0, 0, 1, 0, 0, 0, 1, 0, 1, 0 )
shape = SubResource( 1 )

[node name="box0" type="CollisionShape" parent="."]
editor/display_folded = true
transform = Transform( 0.816914, 0.57676, 0, -0.57676, 0.816914, 0, 0, 0, 1, -0.6944, 0.358904, 0 )
shape = SubResource( 2 )

[node name="b" type="MeshInstance" parent="box0"]
mesh = SubResource( 3 )
material/0 = null

[node name="box1" type="CollisionShape" parent="."]
editor/display_folded = true
transform = Transform( -0.408457, -0.28838, 0.866025, -0.57676, 0.816914, 0, -0.707468, -0.499489, -0.5, 0.3472, 0.358904, 0.601368 )
shape = SubResource( 2 )

[node name="b" type="MeshInstance" parent="box1"]
mesh = SubResource( 3 )
material/0 = null

[node name="box2" type="CollisionShape" parent="."]
editor/display_folded = true
transform = Transform( -0.408457, -0.28838, -0.866026, -0.57676, 0.816914, 4.2972e-08, 0.707468, 0.499489, -0.5, 0.3472, 0.358904, -0.601368 )
shape = SubResource( 2 )

[node name="b" type="MeshInstance" parent="box2"]
mesh = SubResource( 3 )
material/0 = null

[node name="basis" type="MeshInstance" parent="."]
transform = Transform( 1, 0, 0, 0, 1, 0, 0, 0, 1, 0, 0.5, 0 )
mesh = SubResource( 4 )
material/0 = null

[node name="ball" type="MeshInstance" parent="."]
transform = Transform( 1, 0, 0, 0, 1, 0, 0, 0, 1, 0, 1, 0 )
visible = false
mesh = SubResource( 5 )
material/0 = null
